5 -3 -9 1 -10 16 -1000
3 2 -1000
-13 3 2 -1000
1000 -1000
5 -3 -1000
5 6 -14 -1000
-1 -1000
-2 -1000
-3 7 -1000
-13 6 -1000
1000 -1000
9 -1000
12 -1000
20 -14 -1000
13 -1000
16 -1000
4 -1000
-14 -1000
-5 -9 20 -14 10 -10 8 -1000
11 -14 11 -1000
-14 11 -1000
11 -14 -1000
-14 -1000
20 -1000
-6 -9 20 -10 8 -1000
-7 -9 20 -10 8 14 -1000
15 -1000
1000 -1000
-8 8 -1000
-11 17 -12 -1000
18 -1000
1000 -1000
8 19 -1000
8 19 -1000
1000 -1000
-3 -27 20 -1000
21 -1000
24 22 -1000
23 24 22 -1000
1000 -1000
-19 -1000
-20 -1000
-21 -1000
-22 -1000
-23 -1000
-24 -1000
-25 -1000
26 25 -1000
-15 26 25 -1000
-16 26 25 -1000
1000 -1000
28 27 -1000
-17 28 27 -1000
-18 28 27 -1000
1000 -1000
-9 20 -10 -1000
-4 -1000
-3 -1000