0 0 -997 -997 -997 -997 -997 -997 -997 -997 -997 -997 -997 -997 -997 -997 -997 -997 -997 -997 -997 -997 -997 -997 -997 -998 -997
1 1 -997 -997 -997 -997 -997 -997 -997 -998 -997 -997 -997 -997 -997 -997 -997 -997 -997 -997 -997 -997 -997 -997 -997 -997 -997
-997 -997 -997 -997 -997 -997 -997 -997 -997 3 -997 -997 2 -997 -997 -997 -997 -997 -997 -997 -997 -997 -997 -997 -997 -997 -997
4 4 -997 -997 -997 -997 -997 -997 -997 -998 -997 -997 -998 -997 -997 -997 -997 -997 -997 -997 -997 -997 -997 -997 -997 -997 -997
5 5 -998 -998 -998 -998 -998 -998 -998 -997 -998 -998 -997 -998 -997 -997 -997 -997 -997 -997 -997 -997 -997 -997 -997 -997 -997
6 7 -998 -997 -997 -997 -997 -997 -997 -997 -997 -997 -997 -997 -997 -997 -997 -997 -997 -997 -997 -997 -997 -997 -997 -997 -997
-997 -997 8 -997 -997 -997 -997 -997 -997 -997 -997 -997 -997 -998 -997 -997 -997 -997 -997 -997 -997 -997 -997 -997 -997 -997 -997
-997 -997 -997 -997 -997 -997 -997 -997 -997 -997 -997 -997 9 10 -997 -997 -997 -997 -997 -997 -997 -997 -997 -997 -997 -997 -997
16 16 13 13 11 12 14 14 13 -997 15 -998 -997 17 -997 -997 -997 -997 -997 -997 -997 -997 -997 -997 -997 -997 -997
-998 -998 -998 -998 18 -998 -998 -998 -998 -997 -998 -998 -997 -998 -997 -997 -997 -997 -997 -997 -997 -997 -997 -997 -997 -997 -997
-997 -997 19 19 -997 -997 -997 -997 19 -998 -997 -997 -997 20 -997 -997 -997 -997 -997 -997 -997 -997 -997 -997 -997 -997 -997
-997 -997 23 23 -997 -997 -997 -997 23 -998 -997 -997 -997 -998 -997 -997 -997 -997 -997 -997 -997 -997 -997 -997 -997 -997 -997
-998 -998 -998 -998 -998 24 -998 -998 -998 -997 -998 -998 -997 -998 -997 -997 -997 -997 -997 -997 -997 -997 -997 -997 -997 -997 -997
-998 -998 -998 -998 -998 -998 25 -998 -998 -997 -998 -998 -997 -998 -997 -997 -997 -997 -997 -997 -997 -997 -997 -997 -997 -997 -997
-998 -998 -998 -998 -998 -998 -998 26 -998 -997 -998 -998 -997 -998 -997 -997 -997 -997 -997 -997 -997 -997 -997 -997 -997 27 -997
-997 -997 -997 -997 -997 -997 -997 -998 28 -997 -997 -997 -997 -997 -997 -997 -997 -997 -997 -997 -997 -997 -997 -997 -997 -997 -997
-998 -998 -998 -998 -998 -998 -998 -998 -998 -997 29 -998 -997 -998 -997 -997 -997 -997 -997 -997 -997 -997 -997 -997 -997 -998 -997
30 30 30 30 30 30 30 -997 30 -997 30 31 -997 30 -997 -997 -997 -997 -997 -997 -997 -997 -997 -997 -997 -997 -997
32 32 32 32 32 32 32 -997 32 -997 32 -998 -997 32 -997 -997 -997 -997 -997 -997 -997 -997 -997 -997 -997 -997 -997
33 33 33 33 33 33 33 -997 33 -997 33 34 -997 33 -997 -997 -997 -997 -997 -997 -997 -997 -997 -997 -997 -997 -997
-997 -997 35 36 -997 -997 -997 -997 36 -998 -997 -997 -997 -998 -997 -997 -997 -997 -997 -997 -997 -997 -997 -997 -997 -997 35
-997 -997 37 37 -997 -997 -997 -997 37 -998 -997 -997 -997 -998 -997 -997 -997 -997 -997 -997 -997 -997 -997 -997 -997 -997 -997
-997 -997 -997 -997 -997 -997 -997 -997 -997 39 -997 -997 -997 39 -997 -997 -997 -997 38 38 38 38 38 38 38 -997 -997
-997 -997 -998 -998 -997 -997 -997 -997 -998 -997 -997 -997 -997 -997 -997 -997 -997 -997 40 41 42 43 44 45 46 -997 -997
-997 -997 47 47 -997 -997 -997 -997 47 -998 -997 -997 -997 -998 -997 -997 -997 -997 -998 -998 -998 -998 -998 -988 -988 -997 -997
-997 -997 -997 -997 -997 -997 -997 -997 -997 50 -997 -997 -997 50 48 49 -997 -997 50 50 50 50 50 50 50 -997 -997
-997 -997 51 51 -997 -997 -997 -997 51 -998 -997 -997 -997 -998 -998 -998 -997 -997 -998 -998 -998 -998 -998 -998 -998 -997 -997
-997 -997 -997 -997 -997 -997 -997 -997 -997 54 -997 -997 -997 54 54 54 52 53 54 54 54 54 54 54 54 -997 -997
-997 -997 57 56 -997 -997 -997 -997 55 -998 -997 -997 -997 -998 -998 -998 -998 -998 -998 -998 -998 -998 -998 -998 -998 -997 -997