1 12 3 6 7 13 -100 25 30 34 37 39 43 44	45 47 49 50 19 20 23 24 22 21 -100
1 2	2 -100 -100	-100 -100 -100 -100	-100 -100 -100 -100	-100 -100 -100 -100	-100 -100 -100 -100	-100 -100 -100 -100
1 2	2 5	5 5	5 5	5 5	5 5	5 5	5 5	5 5	5 5	5 5 5 5 5
4 3	3 5	5 5	5 5	5 5	5 5	5 5	5 5	5 5	5 5	5 5	5 5	5
4 3	3 -100 -100	-100 -100 -100 -100	-100 -100 -100 -100	-100 -100 -100 -100	-100 -100 -100 -100	-100 -100 -100 -100
100	100	100	100	100	100	100	100	100	100	100	100	100	100	100	100	100	100	100	100	100	100	100	100	100
10 12 10 8 10 13 -100 10 10	42 10 10 10	10 10 10 10 10	10 10 10 10	10 10 10
11 12 11 11	9 13 -100 11 11	11 11 11 11	11 11 11 11	11 11 11 11	11 11 11 11
100	100	100	100	100	100	100	100	100	100	100	100	100	100	100	100	100	100	100	100	100	100	100	100	100
100	100	100	100	100	100	100	100	100	100	100	100	100	100	100	100	100	100	100	100	100	100	100	100	100
100	100	100	100	100	100	100	100	100	100	100	100	100	100	100	100	100	100	100	100	100	100	100	100	100
100	100	100	100	100	100	100	100	100	100	100	100	100	100	100	100	100	100	100	100	100	100	100	100	100
18 12 18 18	18 13 15 18	18 18 18 18	18 18 18 18	18 18 18 18	18 18 18 18	18
-100 14	-100 -100 -100 -100 -100 -100 -100 -100	-100 -100 -100 -100	-100 -100 -100 -100 -100 -100 -100 -100 -100 -100 -100
18 14 18 18	18 18 15 18	18 18 18 18	18 18 18 18	18 18 18 18	18 18 18 18	18
-100 -100 -100 16 16 -100 -100 -100	-100 -100 -100 -100 -100 -100 -100 -100	-100 -100 -100 -100	-100 -100 -100 -100	-100
-100 17 -100 -100 -100 -100	-100 -100 -100 -100	-100 -100 -100 -100	-100 -100 -100 -100	-100 -100 -100 -100	-100 -100 -100
18 17 18 18	18 18 18 18	18 18 18 18	18 18 18 18	18 18 18 18	18 18 18 18	18
100	100	100	100	100	100	100	100	100	100	100	100	100	100	100	100	100	100	100	100	100	100	100	100	100
100	100	100	100	100	100	100	100	100	100	100	100	100	100	100	100	100	100	100	100	100	100	100	100	100
100	100	100	100	100	100	100	100	100	100	100	100	100	100	100	100	100	100	100	100	100	100	100	100	100
100	100	100	100	100	100	100	100	100	100	100	100	100	100	100	100	100	100	100	100	100	100	100	100	100
100	100	100	100	100	100	100	100	100	100	100	100	100	100	100	100	100	100	100	100	100	100	100	100	100
100	100	100	100	100	100	100	100	100	100	100	100	100	100	100	100	100	100	100	100	100	100	100	100	100
100 100	100	100	100	100	100	100	100	100	100	100	100	100	100	100	100	100	100	100	100	100	100	100	100
28 28 28 28	28 28 28 27 26 29 28 28	28 28 28 28	28 28 28 28	28 28 28 28	28
100	100	100	100	100	100	100	100	100	100	100	100	100	100	100	100	100	100	100	100	100	100	100	100	100
100	100	100	100	100	100	100	100	100	100	100	100	100	100	100	100	100	100	100	100	100	100	100	100	100
100	100	100	100	100	100	100	100	100	100	100	100	100	100	100	100	100	100	100	100	100	100	100	100	100
100	100	100	100	100	100	100	100	100	100	100	100	100	100	100	100	100	100	100	100	100	100	100	100	100
32 32 32 32	32 32 32 32 31 33 32 32	32 32 32 32	32 32 32 32	32 32 32 32	32
100	100	100	100	100	100	100	100	100	100	100	100	100	100	100	100	100	100	100	100	100	100	100	100	100
100	100	100	100	100	100	100	100	100	100	100	100	100	100	100	100	100	100	100	100	100	100	100	100	100
100	100	100	100	100	100	100	100	100	100	100	100	100	100	100	100	100	100	100	100	100	100	100	100	100
35 35 35 35 35 35 35 35	35 36 35 35	35 35 35 35	35 35 35 35	35 35 35 35	35
100	100	100	100	100	100	100	100	100	100	100	100	100	100	100	100	100	100	100	100	100	100	100	100	100
100	100	100	100	100	100	100	100	100	100	100	100	100	100	100	100	100	100	100	100	100	100	100	100	100
-100 -100 -100 -100	-100 -100 -100 -100	-100 38 -100 -100 -100 -100	-100 -100 -100 -100	-100 -100 -100 -100 -100 -100 -100
100	100	100	100	100	100	100	100	100	100	100	100	100	100	100	100	100	100	100	100	100	100	100	100	100
-100 -100 -100 -100	-100 -100 -100 -100 -100 40 -100 -100 -100 -100 -100 -100 -100 -100 -100 -100 -100 -100 -100 -100 -100
100	100	100	100	100	100	100	100	100	100	100	100	100	100	100	100	100	100	100	100	100	100	100	100	100
-100 -100 -100 -100 -100 -100 -100 -100 -100 42	-100 -100 -100 -100 -100 -100 -100 -100	-100 -100 -100 -100	-100 -100 -100
100	100	100	100	100	100	100	100	100	100	100	100	100	100	100	100	100	100	100	100	100	100	100	100	100
100	100	100	100	100	100	100	100	100	100	100	100	100	100	100	100	100	100	100	100	100	100	100	100	100
100	100	100	100	100	100	100	100	100	100	100	100	100	100	100	100	100	100	100	100	100	100	100	100	100
-100 -100 -100 -100	-100 -100 -100 -100 -100 -100 -100 -100	-100 -100 46 -100 -100 -100	-100 -100 -100 -100	-100 -100 -100
100	100	100	100	100	100	100	100	100	100	100	100	100	100	100	100	100	100	100	100	100	100	100	100	100
-100 -100 -100 -100	-100 -100 -100 -100	-100 -100 -100 -100	-100 -100 -100 48 -100 -100 -100 -100 -100 -100 -100 -100 -100
100	100	100	100	100	100	100	100	100	100	100	100	100	100	100	100	100	100	100	100	100	100	100	100	100
100	100	100	100	100	100	100	100	100	100	100	100	100	100	100	100	100	100	100	100	100	100	100	100	100
50 50 50 50 50 50 50 50 50 50 50 50 50 50 50 50 50 51 50 50 50 50 50 50 50
100	100	100	100	100	100	100	100	100	100	100	100	100	100	100	100	100	100	100	100	100	100	100	100	100
